1990 58% 21% 20% 0.7%
1991 56% 21% 23% 0.5%
1992 54% 19% 27% 0.4%
1993 54% 16% 30% 0.2%
1994 55% 16% 29% 0.3%
1995 55% 13% 31% 0.3%
1996 59% 12% 29% 0.3%
1997 59% 10% 31% 0.3%
1998 59% 9% 32% 0.4%
1999 59% 8% 33% 0.3%
2000 58% 8% 34% 0.3%
2001 55% 7% 37% 0.4%
2002 54% 6% 34% 0.3%
2003 58% 5% 37% 0.4%
2004 54% 5% 41% 0.3%
2005 56% 4% 40% 0.7%
2006 56% 3% 40% 0.5%
2007 54% 3% 42% 0.3%
2008 54% 3% 43% 0.1%
2009 53% 3% 45% 0.1%
2010 50% 3% 47% 0.1%
2011 50% 2% 48% 0.1%
2012 46% 2% 52% 0.0%
2013 48% 2% 51% 0.1%
2014 48% 1% 50% 0.1%
2015 47% 1% 51% 0.1%
2016 45% 1% 53% 0.1%
2017 47% 1% 52% 0.1%
2018 45% 1% 54% 0.1%
2019 44% 1% 55% 0.1%
2020 44% 1% 55% 0.0%
2021 44% 1% 55% 0.0%