1990 11% 57% 30% 3%
1991 13% 58% 27% 2%
1992 17% 47% 32% 4%
1993 24% 37% 35% 4%
1994 22% 38% 37% 3%
1995 16% 46% 35% 3%
1996 14% 42% 40% 4%
1997 17% 45% 34% 3%
1998 22% 35% 40% 3%
1999 18% 38% 42% 3%
2000 12% 49% 36% 3%
2001 14% 52% 31% 3%
2002 8% 52% 36% 4%
2003 9% 53% 35% 3%
2004 9% 53% 34% 4%
2005 9% 46% 41% 4%
2006 9% 48% 38% 5%
2007 7% 49% 38% 6%
2008 7% 43% 44% 6%
2009 7% 33% 52% 9%
2010 6% 36% 49% 8%
2011 4% 41% 45% 9%
2012 3% 39% 47% 11%
2013 2% 42% 43% 13%
2014 2% 37% 44% 17%
2015 3% 32% 50% 15%
2016 5% 22% 56% 16%
2017 3% 17% 66% 14%
2018 1% 20% 64% 15%
2019 1% 17% 68% 15%
2020 1% 6% 75% 18%
2021 2% 0% 79% 19%